[code_unit_values]
x1 = 1*kpc
x2 = 1*kpc
x3 = 1*kpc
rho = 1.0023678e-24*g/cm**3 
prs = 9.0088324e-05*Pa
vx1 = 1*c
vx2 = 1*c
vx3 = 1*c
sim_time = 0.0032615638*Myr
mass = 2.9449555e37*kg
energy = 2.646794e54*J

[usr_unit_values]
x1 = 1*kpc
x2 = 1*kpc
x3 = 1*kpc
rho = 1*kg/m**3
prs = 1*Pa
vx1 = 1*c
vx2 = 1*c
vx3 = 1*c
sim_time = 1*Myr
mass = 1*kg
energy = 1*J