[normalisations]
; 100kpc??
; x1 = 3.086e21
; x2 = 3.086e21
; x3 = 3.086e21
x1 = 3.086e19
x2 = 3.086e19
x3 = 3.086e19
rho = 1.0023678e-24
prs = 9.008832e-04
vx1 = 2.998e10
vx2 = 2.998e10
vx3 = 2.998e10
T = 1.203e02
sim_time_s = 1.02856675997e11
sim_time = 3261.5638
