[normalisations] ;multiply code units by this to get norm units

x1 = 3.086e19
x2 = 3.086e19
x3 = 3.086e19
rho = 1.0023678e-24
prs = 9.0088324e-05
vx1 = 2.998e8
vx2 = 2.998e8
vx3 = 2.998e8
sim_time = 0.0032615638
mass = 2.9449555e37
energy = 2.646794e54
; T = 1.203e02

[code_units]
x1 = 1*kpc
x2 = 3.086e19
x3 = 3.086e19
rho = 1.0023678e-24
prs = 9.0088324e-05
vx1 = 2.998e8
vx2 = 2.998e8
vx3 = 2.998e8
sim_time = 0.0032615638
mass = 2.9449555e37
energy = 2.646794e54