[normalisations]
x1 = 3.086e21
x2 = 3.086e21
x3 = 3.086e21
rho = 1.0023678e-24
prs = 9.008832e-04
vx1 = 2.998e10
vx2 = 2.998e10
vx3 = 2.998e10
T = 1.203e02
SimTime_s = 1.02856675997e11
SimTime = 3261.5638
